321 2 7
582 8 2
583 2 7
625 6 4
659 2 7
947 8 9
1014 6 0
1039 7 1
1112 4 6
1226 7 2
1232 9 4
1247 9 5
1260 7 1
1621 0 6
1709 9 5
1878 8 3
1901 9 4
2070 7 9
2130 4 9
2135 6 1
2293 9 4
2314 7 4
2369 5 3
2597 5 3
2654 6 1
2720 9 4
2939 9 5
2953 3 5
2959 2 3
3225 7 9
3520 6 4
3558 5 0
3808 7 8
4176 2 7
4284 9 5
4571 6 8
4639 8 9
4740 3 5
4823 9 4
4860 4 9
4956 8 4
5201 4 9
5654 7 2
5937 5 3
5955 3 8
6560 9 5
6571 9 7
6576 7 1
6597 0 7
6651 0 8
6783 1 6
7216 0 6
8325 0 6
8527 4 9
9642 9 7
9664 2 7
9692 9 7
9729 5 6
9792 4 9
