115 4 9
184 8 3
221 2 3
241 9 3
247 4 2
266 8 3
268 8 3
318 2 3
333 5 3
338 8 3
340 5 3
352 5 3
397 5 3
412 5 3
444 2 3
445 6 0
447 4 9
448 9 3
469 5 3
495 8 3
543 8 3
582 8 3
583 2 7
591 8 3
606 8 3
641 8 3
655 8 3
659 2 7
674 5 3
740 4 9
800 8 3
839 8 3
844 8 3
876 8 3
878 8 3
900 1 3
936 8 3
947 8 9
1003 5 3
1014 6 5
1018 8 3
1039 7 3
1050 2 3
1052 8 3
1074 8 3
1112 4 6
1200 8 3
1226 7 2
1234 8 3
1242 4 9
1247 9 3
1248 8 3
1260 7 1
1287 8 3
1289 5 3
1299 5 3
1312 8 3
1319 8 3
1331 5 3
1339 5 3
1364 8 3
1393 5 3
1394 8 3
1395 2 3
1398 8 3
1414 9 3
1441 8 3
1459 2 3
1466 5 3
1470 8 3
1500 7 3
1527 1 3
1553 9 3
1584 8 3
1669 8 3
1670 5 3
1675 8 3
1709 9 3
1717 8 3
1774 8 3
1813 8 3
1850 8 3
1855 8 3
1878 8 3
1899 8 3
1901 9 4
1973 8 3
1982 6 5
1995 0 3
2004 8 3
2018 1 2
2035 5 3
2053 4 9
2056 8 3
2113 5 3
2129 9 3
2130 4 9
2135 6 1
2179 8 3
2182 1 3
2186 2 3
2225 8 3
2266 1 3
2272 8 3
2293 9 6
2298 8 3
2369 5 3
2382 8 3
2393 8 3
2395 8 3
2419 8 3
2447 4 9
2476 5 3
2512 8 3
2526 5 3
2550 8 3
2574 5 3
2582 9 3
2597 5 3
2648 9 3
2654 6 1
2758 8 3
2771 4 9
2780 2 3
2810 5 3
2834 8 3
2911 8 3
2939 9 3
2956 5 3
2959 2 3
2970 5 3
2975 8 3
2995 6 8
3023 8 5
3062 8 3
3064 8 3
3073 1 3
3100 5 3
3112 8 3
3117 5 3
3157 5 3
3206 8 3
3218 6 5
3225 7 9
3246 8 3
3279 8 3
3289 8 3
3323 8 3
3330 2 3
3374 8 3
3422 6 0
3473 8 3
3492 8 3
3504 9 3
3516 8 3
3520 6 4
3534 4 8
3555 8 3
3558 5 3
3559 8 5
3563 8 3
3591 5 3
3626 8 3
3629 8 3
3633 8 3
3635 8 3
3662 8 3
3681 2 3
3702 5 3
3727 8 3
3756 5 3
3762 6 8
3778 5 2
3782 8 3
3794 8 3
3808 7 3
3810 5 3
3871 8 3
3906 1 3
3926 9 3
3941 4 6
3951 8 3
3968 5 3
3988 8 3
4058 8 3
4063 6 5
4075 8 3
4078 9 3
4096 8 3
4100 2 3
4123 8 3
4124 8 3
4136 8 3
4145 8 3
4159 8 3
4176 2 7
4207 8 3
4238 7 3
4263 5 3
4271 5 3
4284 9 3
4327 0 3
4350 2 3
4360 5 3
4382 4 9
4399 8 3
4482 2 3
4506 2 3
4571 6 3
4572 8 3
4608 8 3
4626 8 3
4639 8 3
4671 8 3
4707 8 3
4724 8 3
4731 8 3
4744 8 3
4783 4 9
4807 8 3
4822 8 3
4825 8 3
4838 6 5
4860 4 9
4863 8 3
4890 8 3
4942 5 3
4960 8 3
4982 8 3
5142 8 3
5194 5 3
5201 4 9
5403 8 3
5438 8 3
5449 2 3
5522 8 3
5530 8 3
5547 8 3
5548 8 3
5569 8 3
5578 8 3
5586 8 3
5634 2 3
5654 7 2
5655 7 3
5680 8 3
5752 5 3
5802 5 3
5857 8 3
5881 8 3
5911 8 3
5936 4 9
5937 5 3
5950 8 3
5962 8 3
5972 5 3
5981 5 3
5982 5 3
5985 5 3
5997 5 3
6004 8 3
6024 8 3
6028 5 3
6042 5 3
6043 5 3
6053 5 3
6056 8 3
6070 8 3
6071 9 3
6081 9 3
6090 8 3
6091 9 3
6112 9 3
6137 8 3
6150 8 3
6153 8 3
6154 8 3
6157 9 3
6161 8 3
6166 9 3
6168 9 3
6172 9 3
6173 9 3
6178 8 3
6262 8 3
6304 8 3
6358 8 3
6359 8 3
6558 6 3
6560 9 5
6571 9 3
6572 1 3
6573 5 3
6576 7 1
6578 8 3
6597 0 3
6625 8 3
6651 0 8
6806 8 3
6816 8 3
6839 8 3
7035 8 3
7181 8 3
7198 8 3
7200 8 3
7208 8 3
7216 0 3
7220 8 3
7240 5 3
7244 8 3
7259 8 3
7265 8 3
7297 8 3
7339 8 3
7369 8 3
7370 8 3
7371 8 3
7378 8 3
7379 8 3
7383 8 3
7514 8 3
7524 8 3
7534 8 3
7545 8 3
7553 8 3
7569 8 3
7586 8 3
7597 8 3
7603 8 3
7683 2 3
7735 8 3
7767 8 3
7776 8 3
7803 8 3
7814 8 3
7823 8 3
7872 8 3
8061 4 9
8065 8 3
8097 8 3
8105 8 3
8160 5 3
8183 8 3
8216 8 3
8217 8 3
8223 8 3
8325 0 6
8408 8 5
8456 8 3
8466 8 3
8486 8 3
8527 4 9
8530 8 3
8653 5 3
9015 7 2
9161 8 3
9280 8 3
9316 8 3
9321 8 3
9322 8 3
9326 8 3
9382 5 3
9400 5 3
9596 8 3
9630 8 3
9642 9 3
9664 2 3
9669 4 7
9673 8 3
9679 6 3
9681 8 3
9692 9 3
9694 8 3
9695 8 3
9729 5 6
9736 6 5
9768 2 3
9792 4 9
9811 2 3
9839 2 3
9922 4 9
9954 2 3
9980 2 3
